Disperse (c)Imperial College NDT Lab																	
1 mm Titanium Free Plate
S0		A0		S1		S2		S3		S4		S5		S6		A1		A2		A3		A4		A5		A6	
Freq (MHz)	Vph (m/ms)	Freq (MHz)	Vph (m/ms)	Freq (MHz)	Vph (m/ms)	Freq (MHz)	Vph (m/ms)	Freq (MHz)	Vph (m/ms)	Freq (MHz)	Vph (m/ms)	Freq (MHz)	Vph (m/ms)	Freq (MHz)	Vph (m/ms)	Freq (MHz)	Vph (m/ms)	Freq (MHz)	Vph (m/ms)	Freq (MHz)	Vph (m/ms)	Freq (MHz)	Vph (m/ms)	Freq (MHz)	Vph (m/ms)	Freq (MHz)	Vph (m/ms)
0.0572798	5.46568	0.0166773	0.40424	3.02947	551.147	3.23014	1282.18	6.46012	495.027	9.09006	1319.27	9.69002	2801.27	12.92	33671.2	1.61518	403.27	4.845	5866	6.06056	478.525	8.075	3424.1	11.305	1139.51	12.1201	1350.59
0.132046	5.46491	0.0293137	0.533572	3.02377	157.658	3.23582	199.719	6.4605	241.671	9.09052	441.872	9.69038	565.31	12.9201	918.514	1.61848	91.5025	4.84495	333.938	6.06243	230.094	8.07522	503.416	11.305	478.956	12.1209	534.986
0.206765	5.46347	0.0452304	0.659132	3.01293	91.685	3.24885	108.714	6.46113	159.869	9.09145	265.402	9.69123	314.402	12.9203	465.615	1.62589	51.8288	4.8448	171.856	6.06561	151.526	8.07575	271.697	11.3051	303.199	12.1224	333.591
0.281413	5.4614	0.0642224	0.78031	2.99869	64.4265	3.26754	75.0004	6.46203	119.451	9.09283	189.679	9.69257	217.777	12.9206	311.855	1.63731	36.342	4.84456	115.695	6.07008	113.01	8.0766	186.071	11.3052	221.806	12.1245	242.385
0.35596	5.45866	0.0860623	0.89661	2.98251	49.5212	3.29034	57.4737	6.46319	95.355	9.09467	147.592	9.6944	166.601	12.921	234.442	1.6526	28.1363	4.84424	87.1954	6.07584	90.1522	8.07777	141.496	11.3053	174.866	12.1273	190.369
0.430379	5.45524	0.110515	1.00771	2.96544	40.1225	3.31614	46.7509	6.46462	79.3566	9.09696	120.805	9.69671	134.916	12.9216	187.824	1.67155	23.082	4.84387	69.9589	6.08286	75.0249	8.07926	114.16	11.3054	144.324	12.1308	156.755
0.504638	5.45111	0.137342	1.11342	2.94815	33.6577	3.34418	39.5224	6.46631	67.9624	9.0997	102.26	9.69952	113.372	12.9223	156.674	1.69396	19.6742	4.84344	58.4101	6.09113	64.2792	8.08108	95.6865	11.3056	122.865	12.1349	133.249
0.578705	5.44623	0.166314	1.21367	2.93111	28.9422	3.37398	34.3243	6.46828	59.4358	9.10288	88.6631	9.70283	97.7742	12.9232	134.39	1.71958	17.2332	4.84299	50.1324	6.10062	56.2565	8.08321	82.3673	11.3058	106.962	12.1397	115.89
0.652545	5.44057	0.197209	1.30848	2.91462	25.3539	3.40523	30.4093	6.47052	52.816	9.1065	78.2677	9.70664	85.9605	12.9242	117.659	1.74818	15.4071	4.84254	43.9087	6.11131	50.0412	8.08567	72.3105	11.3061	94.7054	12.1451	102.547
0.72612	5.43409	0.229822	1.39795	2.8989	22.5351	3.43771	27.3568	6.47304	47.5284	9.11055	70.0632	9.71095	76.7044	12.9253	104.635	1.77949	13.9954	4.84211	39.059	6.12316	45.0869	8.08846	64.4492	11.3064	84.9694	12.1512	91.9729
0.799387	5.42672	0.263962	1.48225	2.88414	20.2648	3.47127	24.9113	6.47584	43.2081	9.11501	63.4239	9.71577	69.2574	12.9265	94.21	1.81329	12.8757	4.84174	35.1739	6.13616	41.0471	8.09158	58.1359	11.3067	77.0493	12.1579	83.3878
0.8723	5.41841	0.299455	1.56158	2.87045	18.3997	3.50579	22.9095	6.47893	39.6124	9.1199	57.9415	9.7211	63.1374	12.9279	85.6763	1.84934	11.9688	4.84145	31.9918	6.15026	37.6916	8.09503	52.9549	11.3071	70.4806	12.1653	76.2798
0.944809	5.40909	0.336143	1.63616	2.85796	16.8425	3.54117	21.2415	6.48231	36.5735	9.12518	53.3384	9.72696	58.0195	12.9294	78.5624	1.88744	11.2217	4.84129	29.3382	6.16544	34.8614	8.09882	48.6272	11.3076	64.9447	12.1733	70.2987
1.01686	5.39866	0.373885	1.70623	2.84678	15.5248	3.57737	19.831	6.48599	33.9717	9.13086	49.4191	9.73334	53.6768	12.931	72.5413	1.92737	10.597	4.84127	27.0917	6.18165	32.4431	8.10294	44.9585	11.3082	60.2158	12.1819	65.1968
1.08837	5.38704	0.412555	1.77205	2.837	14.3972	3.61431	18.6232	6.48998	31.7194	9.13692	46.0423	9.74025	49.9462	12.9328	67.3793	1.96896	10.0682	4.84144	25.1658	6.19888	30.3538	8.1074	41.8092	11.3088	56.1296	12.1911	60.7943
1.15929	5.37411	0.452039	1.83387	2.82873	13.4232	3.65194	17.5779	6.49428	29.7509	9.14335	43.1028	9.74771	46.7073	12.9347	62.905	2.01203	9.61572	4.84183	23.4967	6.21707	28.5313	8.11221	39.0768	11.3095	52.5635	12.2009	56.9569
1.22953	5.35975	0.492237	1.89193	2.82207	12.5751	3.69024	16.6647	6.4989	28.016	9.15014	40.5212	9.75571	43.8695	12.9367	58.9896	2.05643	9.22471	4.84249	22.0366	6.2362	26.9282	8.11737	36.6838	11.3103	49.4242	12.2113	53.583
1.299	5.34383	0.533062	1.94648	2.81713	11.8317	3.72915	15.8604	6.50384	26.4757	9.15728	38.236	9.76426	41.363	12.9389	55.5347	2.10202	8.88393	4.84343	20.749	6.25623	25.5077	8.12289	34.5711	11.3112	46.6396	12.2223	50.5937
1.36758	5.32618	0.574432	1.99773	2.81401	11.1764	3.76866	15.147	6.50912	25.0992	9.16476	36.1991	9.77337	39.1334	12.9412	52.4636	2.14866	8.58465	4.84471	19.6053	6.27713	24.2406	8.12876	32.6923	11.3122	44.1527	12.2339	47.9271
1.43517	5.30664	0.616282	2.04592	2.81285	10.5959	3.80872	14.5101	6.51475	23.8619	9.17256	34.3723	9.78305	37.1375	12.9437	49.7159	2.19008	8.35225	4.84637	18.5831	6.29887	23.1038	8.135	31.0109	11.3134	41.9185	12.246	45.5339
1.50164	5.28502	0.658546	2.09124	2.81378	10.0799	3.84931	13.9381	6.52072	22.744	9.18067	32.7248	9.79331	35.3408	12.9463	47.2431	2.2259	8.17207	4.84842	17.6642	6.3214	22.0784	8.14161	29.4975	11.3146	39.9003	12.2587	43.3744
1.56683	5.26111	0.701174	2.13389	2.81694	9.61971	3.8904	13.422	6.52706	21.7291	9.18908	31.2316	9.80414	33.7152	12.949	45.0059	2.25584	8.03409	4.85092	16.8341	6.34469	21.1491	8.14859	28.1284	11.316	38.0683	12.272	41.4163
1.63059	5.23469	0.738578	2.16901	2.8225	9.20842	3.93197	12.9539	6.53377	20.8038	9.19778	29.872	9.81557	32.2376	12.9519	42.9723	2.27971	7.93135	4.8539	16.0809	6.36872	20.3031	8.15595	26.8841	11.3175	36.3979	12.2858	39.6327
1.69274	5.20555	0.770631	2.19755	2.83062	8.84029	3.974	12.5277	6.54086	19.9569	9.20675	28.6289	9.82759	30.889	12.9549	41.1159	2.29736	7.85914	4.8574	15.3947	6.39345	19.5301	8.16369	25.7483	11.3191	34.8688	12.3001	38.0016
1.75309	5.17347	0.79724	2.22021	2.83993	8.55095	4.01647	12.138	6.54834	19.1791	9.21598	27.4881	9.84021	29.6534	12.9581	39.4144	2.30869	7.81433	4.86145	14.7671	6.41885	18.821	8.17184	24.7077	11.3209	33.4638	12.3149	36.5044
1.81146	5.13825	0.818341	2.23757	2.84961	8.3253	4.05935	11.7805	6.55623	18.4623	9.22546	26.4374	9.85344	28.5174	12.9614	37.8492	2.32505	7.75173	4.86608	14.1914	6.44488	18.1685	8.18038	23.751	11.3228	32.1684	12.3303	35.1253
1.86765	5.09972	0.833888	2.25001	2.85888	8.15219	4.10262	11.4513	6.56452	17.7998	9.23517	25.4667	9.86728	27.4697	12.9649	36.4048	2.3429	7.68601	4.87134	13.6616	6.47152	17.566	8.18933	22.8685	11.3249	30.9705	12.3462	33.8511
1.92149	5.05777	0.843852	2.25784	2.86705	8.02343	4.14627	11.1474	6.57325	17.1859	9.24512	24.5672	9.88174	26.5005	12.9685	35.0677	2.36729	7.60031	4.87726	13.1727	6.49875	17.0082	8.19869	22.0521	11.3271	29.8593	12.3626	32.6704
1.97283	5.01237	0.858191	2.26892	2.87354	7.93312	4.19027	10.866	6.58241	16.6154	9.25528	23.7314	9.89682	25.6016	12.9723	33.8263	2.3983	7.49757	4.88388	12.7205	6.52652	16.4904	8.20848	21.2947	11.3296	28.826	12.3794	31.5733
2.02154	4.96357	0.873801	2.28072	2.87792	7.87719	4.23461	10.6047	6.59201	16.0842	9.26564	22.9527	9.91253	24.7656	12.9762	32.6709	2.43605	7.38103	4.89122	12.3012	6.55481	16.0084	8.2187	20.5904	11.3321	27.8626	12.3968	30.5514
2.06755	4.91156	0.895065	2.29639	2.88452	7.79928	4.27926	10.3615	6.60208	15.5883	9.2762	22.2255	9.92887	23.9865	12.9803	31.5928	2.48061	7.254	4.89933	11.9117	6.58359	15.5588	8.22936	19.9338	11.3349	26.9624	12.4146	29.5973
2.11087	4.85661	0.922012	2.31559	2.89211	7.71783	4.32422	10.1346	6.61263	15.1246	9.28695	21.545	9.94583	23.2587	12.9845	30.5846	2.53208	7.11965	4.90824	11.5492	6.61284	15.1384	8.24047	19.3203	11.3379	26.1193	12.4329	28.7046
2.15155	4.79911	0.95467	2.33793	2.90313	7.61226	4.36946	9.92244	6.62366	14.6901	9.29788	20.9067	9.96343	22.5774	12.9889	29.6397	2.58384	6.99602	4.91798	11.2112	6.64253	14.7446	8.25203	18.7461	11.341	25.3281	12.4517	27.8675
2.1897	4.73956	0.99307	2.36297	2.91827	7.48694	4.41497	9.72367	6.6352	14.2823	9.30898	20.3069	9.98167	21.9385	12.9935	28.7524	2.63582	6.88182	4.92859	10.8955	6.67264	14.3748	8.26407	18.2075	11.3443	24.5844	12.4709	27.0812
2.22101	4.68639	1.03724	2.39025	2.93838	7.34695	4.46074	9.53706	6.64725	13.8989	9.32024	19.7422	10.0005	21.3383	12.9982	27.9176	2.68796	6.77589	4.94011	10.6003	6.70313	14.027	8.27658	17.7014	11.3479	23.8838	12.4905	26.3412
2.2464	4.64044	1.0815	2.41606	2.96453	7.19776	4.50674	9.36156	6.65983	13.5379	9.33167	19.2097	10.02	20.7734	13.0031	27.1308	2.74021	6.67729	4.95256	10.3239	6.73399	13.6994	8.28958	17.2252	11.3516	23.2229	12.5106	25.6436
2.26655	4.60217	1.12583	2.4405	2.99797	7.0449	4.55297	9.19622	6.67295	13.1975	9.34325	18.7066	10.0402	20.241	13.0081	26.388	2.7925	6.58516	4.96598	10.0649	6.76519	13.3901	8.30308	16.7762	11.3555	22.5984	12.5311	24.9849
2.28199	4.57182	1.17022	2.46366	3.03503	6.90983	4.59941	9.04018	6.68664	12.8761	9.35498	18.2307	10.0609	19.7384	13.0133	25.6856	2.84479	6.49877	4.98041	9.82173	6.79671	13.0978	8.31708	16.3525	11.3597	22.0074	12.552	24.362
2.29309	4.54951	1.21466	2.48562	3.07563	6.79073	4.64605	8.89269	6.70089	12.5723	9.36686	17.7797	10.0823	19.2632	13.0187	25.0206	2.89701	6.41748	4.99588	9.59337	6.82852	12.821	8.33161	15.9519	11.3641	21.4473	12.5733	23.7721
2.30007	4.53523	1.25914	2.50645	3.11962	6.68586	4.69287	8.75308	6.71574	12.2848	9.37889	17.3519	10.1043	18.8135	13.0243	24.3899	2.94912	6.34073	5.01241	9.37871	6.8606	12.5586	8.34667	15.5728	11.3686	20.9159	12.5951	23.2127
2.30997	4.51473	1.30364	2.52624	3.16677	6.59357	4.73987	8.62073	6.73119	12.0124	9.39107	16.9455	10.1269	18.3871	13.03	23.7911	3.00106	6.26802	5.03005	9.17677	6.89293	12.3095	8.36227	15.2135	11.3734	20.4109	12.6172	22.6815
2.32055	4.4925	1.34816	2.54503	3.21685	6.51232	4.78703	8.49511	6.74727	11.7541	9.40338	16.5589	10.1502	17.9826	13.036	23.2217	3.05279	6.19891	5.04881	8.98668	6.92549	12.0727	8.37842	14.8727	11.3785	19.9305	12.6397	22.1766
2.33466	4.46239	1.39269	2.56289	3.26959	6.44068	4.82826	8.39073	6.76398	11.5089	9.41585	16.1907	10.174	17.5982	13.042	22.6798	3.10426	6.13302	5.06874	8.80764	6.95825	11.8472	8.39514	14.549	11.3837	19.4731	12.6627	21.6959
2.35206	4.42457	1.43722	2.57988	3.32471	6.37736	4.86349	8.30526	6.78134	11.2759	9.42845	15.8397	10.1984	17.2326	13.0483	22.1634	3.15541	6.06999	5.08985	8.63893	6.9912	11.6323	8.41244	14.2413	11.3892	19.0369	12.6859	21.238
2.37253	4.37935	1.48175	2.59605	3.38193	6.32122	4.89269	8.23689	6.79937	11.0544	9.4412	15.5048	10.2235	16.8845	13.0548	21.6707	3.2062	6.00952	5.10923	8.49981	7.02432	11.4273	8.43032	13.9485	11.3949	18.6206	12.7096	20.8011
2.39587	4.32718	1.52627	2.61145	3.44099	6.27122	4.91581	8.18425	6.81808	10.8436	9.4541	15.1847	10.2491	16.5528	13.0614	21.2002	3.25659	5.95133	5.12649	8.3867	7.05758	11.2314	8.44881	13.6696	11.4009	18.2229	12.7336	20.3839
2.4219	4.26872	1.57078	2.62612	3.50164	6.22649	4.93283	8.14632	6.83749	10.6429	9.46715	14.8787	10.2752	16.2363	13.0683	20.7505	3.30652	5.89518	5.14128	8.29682	7.09097	11.044	8.46791	13.4038	11.4071	17.8426	12.758	19.9852
2.44732	4.21194	1.61527	2.64011	3.56365	6.18626	4.94374	8.12237	6.85762	10.4516	9.48035	14.5858	10.302	15.934	13.0753	20.3202	3.35597	5.84085	5.15331	8.22798	7.12448	10.8647	8.48763	13.1502	11.4135	17.4786	12.7827	19.6038
2.47229	4.15702	1.65974	2.65345	3.62683	6.14986	4.95942	8.0884	6.87847	10.2692	9.49371	14.3052	10.3293	15.6452	13.0825	19.9081	3.40487	5.78813	5.16234	8.17859	7.15807	10.6928	8.50798	12.9081	11.4202	17.1299	12.8078	19.2385
2.49694	4.10406	1.70418	2.66618	3.69098	6.11671	4.97649	8.05207	6.90007	10.0953	9.50722	14.0362	10.3571	15.3688	13.0899	19.5131	3.45321	5.73686	5.16821	8.14752	7.19175	10.5279	8.52898	12.6768	11.4272	16.7956	12.8332	18.8885
2.52141	4.05312	1.7486	2.67834	3.75593	6.08634	4.99973	8.0036	6.92243	9.9292	9.5209	13.7781	10.3855	15.1043	13.0976	19.1341	3.50093	5.68688	5.17676	8.10356	7.2255	10.3696	8.55064	12.4557	11.4344	16.4749	12.8589	18.5527
2.54579	4.00424	1.79298	2.68995	3.82153	6.05833	5.02917	7.94384	6.94555	9.77062	9.53475	13.5302	10.4144	14.8508	13.1054	18.7704	3.54801	5.63804	5.1862	8.05673	7.25929	10.2175	8.57296	12.2441	11.4418	16.1669	12.885	18.2304
2.57017	3.95742	1.83734	2.70105	3.88766	6.03231	5.06483	7.87376	6.96946	9.61911	9.54877	13.292	10.4439	14.6078	13.1134	18.4209	3.59442	5.59024	5.19931	7.99456	7.29312	10.0712	8.59595	12.0417	11.4495	15.8709	12.9113	17.9208
2.59462	3.91264	1.88166	2.71167	3.95418	6.00797	5.10676	7.79446	6.99417	9.4743	9.56296	13.063	10.4738	14.3746	13.1216	18.0848	3.64013	5.54336	5.21633	7.91838	7.32698	9.9303	8.61963	11.8477	11.4575	15.5864	12.938	17.6231
2.61921	3.86987	1.92595	2.72182	4.02098	5.98505	5.155	7.70714	7.01969	9.33583	9.57734	12.8426	10.5042	14.1506	13.13	17.7615	3.68511	5.49732	5.23755	7.82979	7.36086	9.79458	8.644	11.6619	11.4657	15.3125	12.965	17.3368
2.64398	3.82906	1.97021	2.73155	4.08797	5.96331	5.20338	7.62352	7.04602	9.20337	9.59191	12.6304	10.5352	13.9354	13.1387	17.4502	3.72935	5.45204	5.26335	7.73056	7.39475	9.66373	8.66906	11.4837	11.4742	15.0489	12.9923	17.0611
2.66898	3.79016	2.01443	2.74086	4.15504	5.94254	5.25191	7.5434	7.07318	9.07663	9.60666	12.4259	10.5666	13.7285	13.1476	17.1503	3.77284	5.40746	5.29415	7.62262	7.42864	9.53748	8.69483	11.3128	11.483	14.7949	13.0198	16.7955
2.69423	3.7531	2.0586	2.74978	4.22211	5.92257	5.30059	7.46659	7.10117	8.95531	9.62162	12.2289	10.5984	13.5293	13.1566	16.8612	3.81557	5.36351	5.32624	7.52065	7.46253	9.41559	8.72131	11.1488	11.492	14.55	13.0476	16.5394
2.71977	3.71781	2.10275	2.75833	4.28909	5.90323	5.34945	7.39292	7.13001	8.83916	9.63678	12.0388	10.6307	13.3376	13.1659	16.5824	3.85753	5.32017	5.35958	7.4243	7.49641	9.29783	8.74849	10.9913	11.5013	14.3138	13.0757	16.2924
2.74561	3.68423	2.14685	2.76652	4.35591	5.88438	5.39849	7.32224	7.15969	8.7279	9.65215	11.8553	10.6635	13.1529	13.1755	16.3132	3.89873	5.2774	5.39418	7.33324	7.53028	9.18398	8.7764	10.84	11.5109	14.0859	13.1041	16.0541
2.77177	3.65228	2.19091	2.77439	4.42248	5.86588	5.44774	7.25441	7.18624	8.63477	9.66774	11.6782	10.6967	12.9749	13.1852	16.0533	3.93916	5.23517	5.43001	7.24714	7.56415	9.07387	8.80502	10.6946	11.5208	13.8658	13.1327	15.8239
2.79827	3.62189	2.23494	2.78194	4.48873	5.84763	5.49721	7.1893	7.20939	8.55807	9.68355	11.5071	10.7303	12.8032	13.1952	15.8022	3.97885	5.19348	5.46703	7.16569	7.59801	8.9673	8.83435	10.5548	11.5309	13.6532	13.1615	15.6014
2.82511	3.593	2.27892	2.78918	4.55459	5.82951	5.54694	7.12681	7.22889	8.49644	9.69959	11.3418	10.7643	12.6375	13.2054	15.5595	4.01781	5.15231	5.50522	7.08863	7.63187	8.86412	8.8644	10.4204	11.5413	13.4477	13.1906	15.3863
2.85229	3.56553	2.32287	2.79614	4.61997	5.81143	5.59696	7.06683	7.24453	8.44883	9.71587	11.1819	10.7988	12.4775	13.2159	15.3248	4.05605	5.11166	5.54454	7.01566	7.66573	8.76417	8.89517	10.291	11.5521	13.2489	13.2199	15.1783
2.87983	3.53941	2.36677	2.80283	4.68482	5.79329	5.64729	7.00929	7.25616	8.41444	9.73239	11.0273	10.8336	12.3229	13.2266	15.0976	4.0936	5.07153	5.58496	6.94653	7.69524	8.67959	8.92664	10.1665	11.5631	13.0567	13.2495	14.9769
2.90772	3.51459	2.41063	2.80925	4.74905	5.775	5.69797	6.9541	7.26366	8.3927	9.74916	10.8776	10.8688	12.1735	13.2375	14.8778	4.13049	5.03194	5.62641	6.88099	7.72041	8.60929	8.95882	10.0466	11.5744	12.8706	13.2792	14.7819
2.93596	3.49098	2.45446	2.81543	4.8126	5.75651	5.74905	6.90119	7.27452	8.36181	9.76618	10.7328	10.9044	12.029	13.2487	14.6648	4.16674	4.99288	5.66886	6.8188	7.74124	8.55235	8.9917	9.93111	11.586	12.6904	13.3092	14.593
2.96455	3.46855	2.49824	2.82138	4.8754	5.73772	5.80055	6.85051	7.28643	8.32872	9.78347	10.5925	10.9403	11.8891	13.2601	14.4585	4.20239	4.95437	5.71226	6.75975	7.75771	8.50808	9.02527	9.81978	11.5979	12.5159	13.3393	14.4099
2.99348	3.44722	2.54199	2.82709	4.93738	5.71858	5.85253	6.80198	7.3028	8.28449	9.80103	10.4566	10.9766	11.7538	13.2718	14.2585	4.23748	4.91643	5.75655	6.70361	7.76983	8.47595	9.05952	9.71246	11.6101	12.3467	13.3697	14.2323
3.02276	3.42693	2.5857	2.8326	4.99848	5.69903	5.90503	6.75557	7.32378	8.22983	9.81887	10.3249	11.0132	11.6227	13.2838	14.0646	4.27203	4.87906	5.80167	6.6502	7.77759	8.45557	9.09444	9.60895	11.6226	12.1828	13.4002	14.06
3.05237	3.40765	2.62936	2.8379	5.05864	5.67903	5.95809	6.71121	7.34959	8.16556	9.837	10.1973	11.0501	11.4957	13.296	13.8765	4.30609	4.84229	5.84757	6.59931	7.78875	8.42651	9.13002	9.50907	11.6354	12.0238	13.4309	13.8928
3.08232	3.38931	2.67299	2.843	5.1178	5.65852	6.01174	6.66887	7.38044	8.09264	9.85541	10.0735	11.0874	11.3726	13.3085	13.694	4.33969	4.80613	5.89418	6.55076	7.80089	8.39526	9.16625	9.41267	11.6485	11.8695	13.4617	13.7304
3.11259	3.37186	2.71658	2.84792	5.1759	5.63748	6.06604	6.62849	7.41663	8.01211	9.87413	9.95341	11.1249	11.2532	13.3212	13.5169	4.37286	4.77058	5.94146	6.50439	7.8174	8.35329	9.20312	9.31959	11.662	11.7198	13.4927	13.5726
3.14318	3.35527	2.76013	2.85266	5.23291	5.61588	6.121	6.59002	7.45364	7.93481	9.89316	9.83692	11.1628	11.1373	13.3343	13.3448	4.40565	4.73566	5.98933	6.46004	7.83831	8.30108	9.24061	9.22967	11.6758	11.5745	13.5239	13.4192
3.17408	3.33947	2.80365	2.85722	5.28878	5.5937	6.17667	6.55341	7.49146	7.86057	9.9125	9.72386	11.2009	11.0249	13.3476	13.1777	4.43809	4.70138	6.03775	6.41756	7.86363	8.2392	9.27871	9.14277	11.6899	11.4334	13.5551	13.2701
3.20528	3.32445	2.84712	2.86163	5.34349	5.57095	6.23306	6.51862	7.53008	7.78926	9.93217	9.61411	11.2393	10.9157	13.3612	13.0153	4.47021	4.66775	6.08665	6.37679	7.8934	8.16835	9.31739	9.05876	11.7043	11.2963	13.5865	13.125
3.23678	3.31015	2.89056	2.86588	5.39701	5.54761	6.2902	6.48556	7.56948	7.72075	9.95218	9.50756	11.278	10.8096	13.3751	12.8575	4.50205	4.63478	6.13598	6.33762	7.92766	8.08926	9.35666	8.97751	11.719	11.1632	13.618	12.9838
3.26857	3.29653	2.93397	2.86998	5.44934	5.5237	6.34808	6.4542	7.60966	7.6549	9.97252	9.40407	11.317	10.7065	13.3893	12.704	4.53364	4.60246	6.18567	6.29991	7.96204	8.01247	9.39648	8.89889	11.7342	11.0337	13.6496	12.8463
3.30065	3.28356	2.97733	2.87393	5.50045	5.49925	6.40673	6.42445	7.65059	7.59159	9.99322	9.30354	11.3561	10.6063	13.4038	12.5548	4.565	4.57082	6.23567	6.26355	7.99656	7.93792	9.43163	8.83245	11.7496	10.9079	13.6813	12.7124
3.33299	3.27122	3.02066	2.87775	5.55037	5.47427	6.46611	6.39624	7.69227	7.5307	10.0143	9.20588	11.3955	10.5088	13.4186	12.4096	4.59618	4.53984	6.28592	6.22843	8.03125	7.86552	9.46191	8.77725	11.7654	10.7856	13.7131	12.582
3.36561	3.25945	3.06396	2.88144	5.59911	5.44881	6.52624	6.3695	7.73467	7.47212	10.0357	9.11097	11.4352	10.4139	13.4338	12.2684	4.6272	4.50953	6.33638	6.19444	8.06612	7.79522	9.48716	8.73259	11.7815	10.6666	13.7449	12.4548
3.39848	3.24825	3.10722	2.885	5.64668	5.4229	6.58707	6.34416	7.77778	7.41574	10.0575	9.01873	11.475	10.3216	13.4492	12.1309	4.65808	4.47989	6.38698	6.16149	8.10121	7.72695	9.50727	8.69789	11.7981	10.5509	13.7768	12.3308
3.4316	3.23757	3.15044	2.88844	5.69312	5.39658	6.6486	6.32013	7.82158	7.36147	10.0768	8.94046	11.5151	10.2317	13.465	11.9971	4.68884	4.45091	6.43768	6.12949	8.13654	7.66067	9.52212	8.67271	11.8149	10.4382	13.8087	12.2099
3.46497	3.22738	3.19364	2.89176	5.73847	5.36992	6.71077	6.29732	7.86606	7.30921	10.0935	8.87523	11.5553	10.1441	13.4811	11.8668	4.71952	4.42259	6.48842	6.09836	8.17212	7.59632	9.53166	8.65674	11.8322	10.3286	13.8406	12.0918
3.49857	3.21768	3.23679	2.89497	5.78275	5.34295	6.77355	6.27566	7.9112	7.25886	10.1075	8.82232	11.5957	10.0588	13.4975	11.7398	4.75014	4.39493	6.53916	6.06802	8.20799	7.53384	9.54542	8.63398	11.8498	10.2219	13.8726	11.9766
3.53241	3.20842	3.27992	2.89808	5.82602	5.31572	6.8369	6.25506	7.95698	7.21035	10.1186	8.78112	11.6363	9.97558	13.5143	11.6162	4.78071	4.36791	6.58985	6.03839	8.24417	7.47319	9.56043	8.60951	11.8678	10.118	13.9046	11.8641
3.56647	3.19959	3.32301	2.90108	5.86832	5.2883	6.90077	6.23543	8.00339	7.16358	10.1269	8.75118	11.677	9.89444	13.5314	11.4957	4.81125	4.34154	6.64044	6.0094	8.28068	7.41433	9.58095	8.57666	11.8862	10.0168	13.9366	11.7541
3.60074	3.19117	3.36607	2.90398	5.9097	5.26072	6.9651	6.21671	8.05041	7.11849	10.1322	8.73218	11.7179	9.81528	13.5489	11.3783	4.84177	4.3158	6.6909	5.981	8.31756	7.35721	9.60705	8.5358	11.9049	9.91827	13.9685	11.6467
3.63522	3.18313	3.40909	2.90679	5.95021	5.23305	7.02985	6.1988	8.09802	7.07499	10.1399	8.70507	11.7589	9.73804	13.5668	11.2639	4.87231	4.29069	6.74117	5.95313	8.35481	7.3018	9.63885	8.4874	11.9241	9.82228	14.0005	11.5416
3.66991	3.17546	3.45209	2.9095	5.98991	5.20532	7.09496	6.18163	8.14623	7.03303	10.1483	8.67589	11.8001	9.66262	13.585	11.1524	4.90287	4.2662	6.79121	5.92572	8.39247	7.24804	9.67645	8.43199	11.9437	9.72876	14.0324	11.4389
3.70479	3.16813	3.49505	2.91213	6.02884	5.17759	7.16038	6.16513	8.195	6.99254	10.1598	8.63666	11.8413	9.58897	13.6037	11.0436	4.93345	4.2423	6.841	5.89874	8.43056	7.1959	9.72001	8.37014	11.9637	9.63763	14.0642	11.3384
3.73986	3.16114	3.53798	2.91467	6.06705	5.14989	7.22604	6.14922	8.24434	6.95346	10.1745	8.58781	11.8827	9.51701	13.6227	10.9375	4.96409	4.21901	6.89048	5.87213	8.4691	7.14535	9.76397	8.31008	11.9841	9.54883	14.096	11.2401
3.77512	3.15445	3.58088	2.91713	6.10459	5.12227	7.2919	6.13384	8.29424	6.91574	10.1925	8.52983	11.9241	9.44669	13.6421	10.8341	4.99478	4.19629	6.93964	5.84585	8.5081	7.09633	9.80831	8.25173	12.0049	9.46227	14.1278	11.1438
3.81055	3.14807	3.62375	2.91952	6.14151	5.09475	7.35789	6.11892	8.34469	6.87932	10.214	8.46331	11.9657	9.37793	13.6619	10.7332	5.02554	4.17415	6.98842	5.81987	8.54759	7.04883	9.85304	8.19502	12.0262	9.37791	14.1594	11.0495
3.84616	3.14197	3.6666	2.92182	6.17785	5.06738	7.42395	6.1044	8.39567	6.84415	10.239	8.38893	12.0073	9.31069	13.6821	10.6348	5.05638	4.15257	7.03681	5.79415	8.58758	7.00279	9.89811	8.13988	12.0479	9.29566	14.191	10.9571
3.88193	3.13614	3.70941	2.92406	6.21365	5.04018	7.49003	6.09022	8.4472	6.81019	10.2644	8.31657	12.0489	9.2449	13.7028	10.5387	5.0873	4.13154	7.08478	5.76865	8.62809	6.95819	9.94353	8.08624	12.0701	9.21548	14.2224	10.8666
3.91787	3.13057	3.75219	2.92622	6.24897	5.01319	7.55608	6.07632	8.49927	6.77741	10.2904	8.24618	12.0906	9.18052	13.7239	10.445	5.11831	4.11105	7.1323	5.74336	8.66912	6.91497	9.98927	8.03404	12.0898	9.14724	14.2538	10.7779
3.95396	3.12524	3.79494	2.92832	6.28382	4.98642	7.62203	6.06265	8.55188	6.74576	10.3168	8.17769	12.127	9.12551	13.7454	10.3536	5.14943	4.09108	7.17935	5.71824	8.71069	6.87312	10.0353	7.98322	12.1069	9.09024	14.285	10.6909
3.9902	3.12014	3.83767	2.93035	6.31826	4.9599	7.68783	6.04915	8.60503	6.71521	10.3437	8.11106	12.158	9.07941	13.7673	10.2644	5.18065	4.07162	7.2259	5.69327	8.7528	6.83258	10.0816	7.93373	12.1212	9.04391	14.3161	10.6056
4.02659	3.11526	3.88037	2.93231	6.35232	4.93364	7.75342	6.03578	8.65872	6.68572	10.3712	8.04623	12.1836	9.04182	13.7898	10.1773	5.21198	4.05267	7.27195	5.66844	8.79545	6.79332	10.1283	7.8855	12.1326	9.00777	14.3471	10.5219
4.06312	3.1106	3.92304	2.93422	6.38603	4.90767	7.81875	6.02249	8.71297	6.65728	10.3991	7.98315	12.2039	9.01242	13.8127	10.0923	5.24343	4.0342	7.31747	5.64373	8.83865	6.75529	10.1751	7.83849	12.1411	8.98149	14.3779	10.4397
4.09979	3.10613	3.96568	2.93607	6.41942	4.88199	7.88375	6.00923	8.76778	6.62984	10.4275	7.92178	12.2189	8.99099	13.836	10.0093	5.275	4.01621	7.36245	5.61913	8.8824	6.71847	10.2222	7.79265	12.1465	8.96479	14.4086	10.3591
4.13659	3.10186	4.0083	2.93786	6.45252	4.85663	7.94838	5.99596	8.82315	6.6034	10.4565	7.86207	12.2284	8.97736	13.8599	9.92824	5.3067	3.99869	7.40689	5.59462	8.92669	6.68281	10.2696	7.74792	12.1544	8.94095	14.4391	10.2799
4.17352	3.09777	4.05089	2.93959	6.48535	4.83158	8.01258	5.98264	8.87911	6.57791	10.486	7.80397	12.2421	8.95787	13.8842	9.84915	5.33852	3.98162	7.45078	5.57021	8.97152	6.64827	10.3171	7.70428	12.1631	8.91526	14.4695	10.2022
4.21057	3.09385	4.09345	2.94128	6.51795	4.80687	8.07629	5.96923	8.93565	6.55337	10.5161	7.74745	12.257	8.93683	13.9091	9.77193	5.37047	3.96499	7.49411	5.54587	9.01687	6.61481	10.3649	7.66167	12.1749	8.88068	14.4997	10.1258
4.24774	3.0901	4.13599	2.94291	6.55034	4.7825	8.13947	5.95569	8.99279	6.52975	10.5467	7.69247	12.2773	8.90846	13.9344	9.69654	5.40256	3.94879	7.53689	5.52162	9.06274	6.58238	10.4129	7.62005	12.1901	8.83755	14.5298	10.0507
4.28503	3.0865	4.1785	2.94449	6.58253	4.75846	8.20207	5.942	9.05053	6.50703	10.5779	7.63897	12.303	8.87295	13.9603	9.62292	5.43479	3.93301	7.57911	5.49744	9.1091	6.55096	10.461	7.57939	12.2087	8.78628	14.5597	9.977
4.32243	3.08306	4.22098	2.94602	6.61455	4.73478	8.26402	5.92813	9.1089	6.4852	10.6096	7.58694	12.334	8.83058	13.9867	9.55105	5.46715	3.91764	7.62078	5.47335	9.15595	6.52048	10.5093	7.53964	12.2308	8.72733	14.5894	9.90452
4.35994	3.07975	4.26344	2.94751	6.64642	4.71145	8.3253	5.91404	9.16788	6.46422	10.642	7.53632	12.3703	8.78165	14.0137	9.48086	5.49965	3.90266	7.6619	5.44933	9.20325	6.49092	10.5578	7.50078	12.2567	8.66125	14.619	9.83327
4.39756	3.07659	4.30588	2.94895	6.67816	4.68847	8.38586	5.89971	9.2275	6.44409	10.6749	7.48709	12.412	8.72647	14.0412	9.41233	5.53229	3.88807	7.70249	5.4254	9.251	6.46224	10.6064	7.46277	12.2831	8.59679	14.6485	9.76322
4.43528	3.07355	4.34829	2.95035	6.70978	4.66585	8.44565	5.88513	9.28775	6.42478	10.7084	7.4392	12.4536	8.67231	14.0656	9.35392	5.56507	3.87386	7.74255	5.40156	9.29916	6.43438	10.6551	7.42558	12.3101	8.53393	14.6778	9.69433
4.47309	3.07064	4.39068	2.95171	6.7413	4.64359	8.50465	5.87027	9.34864	6.40626	10.7425	7.39263	12.4952	8.61914	14.0867	9.30508	5.598	3.86002	7.78209	5.37781	9.34771	6.40732	10.704	7.38918	12.3376	8.47262	14.7069	9.62657
4.511	3.06785	4.43305	2.95303	6.77273	4.62168	8.56282	5.85513	9.41016	6.38852	10.7772	7.34734	12.5367	8.56691	14.1044	9.26534	5.63106	3.84653	7.82113	5.35417	9.39663	6.381	10.753	7.35354	12.3656	8.41281	14.7359	9.55993
4.54901	3.06518	4.47539	2.95431	6.80409	4.60013	8.62014	5.83969	9.47231	6.37152	10.8126	7.3033	12.5782	8.5156	14.1186	9.23432	5.66427	3.83338	7.85968	5.33063	9.44588	6.35539	10.8021	7.31864	12.3942	8.35449	14.7647	9.49437
4.5871	3.06261	4.51771	2.95555	6.83539	4.57893	8.67659	5.82394	9.53507	6.35525	10.8485	7.26047	12.6195	8.46517	14.129	9.21174	5.69763	3.82058	7.89776	5.30721	9.49543	6.33046	10.8513	7.28445	12.4233	8.2976	14.7898	9.4381
4.62528	3.06015	4.56	2.95675	6.86665	4.55809	8.73215	5.80789	9.59844	6.33967	10.8851	7.21884	12.6607	8.4156	14.1358	9.19739	5.73112	3.8081	7.93539	5.2839	9.54526	6.30615	10.9006	7.25094	12.453	8.24212	14.811	9.39076
4.66354	3.05778	4.60227	2.95792	6.89786	4.5376	8.78681	5.79154	9.6624	6.32476	10.9222	7.17836	12.7019	8.36685	14.1456	9.1769	5.76476	3.79594	7.97257	5.26073	9.59534	6.28244	10.95	7.21809	12.4833	8.18802	14.8286	9.35204
4.70189	3.05551	4.64452	2.95905	6.92905	4.51745	8.84056	5.77489	9.72693	6.31048	10.96	7.139	12.7429	8.31891	14.1562	9.15481	5.79854	3.78409	8.00933	5.2377	9.64562	6.25929	10.9994	7.18589	12.5142	8.13525	14.8424	9.32169
4.74031	3.05333	4.68675	2.96015	6.96022	4.49765	8.89341	5.75795	9.792	6.2968	10.9985	7.10075	12.7838	8.27173	14.1709	9.12506	5.83246	3.77254	8.04569	5.21482	9.69608	6.23666	11.049	7.15431	12.5456	8.0838	14.8525	9.29952
4.77881	3.05124	4.72896	2.96122	6.99138	4.4782	8.94535	5.74072	9.85759	6.28369	11.0375	7.06356	12.8246	8.22531	14.1896	9.08792	5.86652	3.76128	8.08166	5.19209	9.74669	6.21452	11.0986	7.12333	12.5777	8.03362	14.859	9.28541
4.81738	3.04923	4.77114	2.96225	7.02254	4.45908	8.99639	5.72323	9.92367	6.27112	11.0772	7.02742	12.8653	8.17962	14.2125	9.04373	5.90072	3.75031	8.11726	5.16952	9.7974	6.19283	11.1483	7.09294	12.6103	7.9847	14.8684	9.2652
4.85603	3.04729	4.81331	2.96326	7.05371	4.44029	9.04655	5.70547	9.99021	6.25905	11.1175	6.99229	12.9059	8.13463	14.2398	8.99287	5.93506	3.73962	8.15252	5.14712	9.8482	6.17156	11.1981	7.06311	12.6436	7.93699	14.8785	9.24336
4.89474	3.04544	4.85545	2.96424	7.08489	4.42183	9.09584	5.68748	10.0572	6.24745	11.1584	6.95815	12.9463	8.09034	14.2717	8.93579	5.96954	3.72919	8.18745	5.1249	9.89904	6.15069	11.2479	7.03384	12.6774	7.89047	14.8922	9.21386
4.93352	3.04366	4.89757	2.96518	7.11609	4.4037	9.14427	5.66926	10.1245	6.23628	11.2	6.92498	12.9866	8.04671	14.3042	8.88003	6.00416	3.71903	8.22206	5.10287	9.94989	6.13017	11.2978	7.00511	12.7119	7.84512	14.9096	9.17687
4.97236	3.04194	4.93968	2.9661	7.14732	4.38589	9.19186	5.65083	10.1922	6.22552	11.2421	6.89274	13.0267	8.00373	14.3372	8.82558	6.03891	3.70912	8.25638	5.08102	10.0007	6.10998	11.3478	6.9769	12.747	7.80091	14.9305	9.13262
5.01127	3.0403	4.98176	2.96699	7.17859	4.3684	9.23864	5.63221	10.2602	6.21512	11.2849	6.86142	13.0667	7.96139	14.3708	8.7724	6.07379	3.69945	8.29043	5.05937	10.0515	6.09009	11.3978	6.94921	12.7827	7.75781	14.955	9.08137
5.05024	3.03871	5.02382	2.96786	7.20989	4.35121	9.28463	5.61342	10.3285	6.20505	11.3284	6.83099	13.1066	7.91967	14.4051	8.72046	6.10881	3.69003	8.32421	5.03792	10.1022	6.07049	11.4479	6.92201	12.8191	7.71578	14.983	9.02343
5.08927	3.03719	5.06587	2.9687	7.24123	4.33434	9.32985	5.59448	10.3971	6.19529	11.3724	6.80143	13.1464	7.87856	14.4399	8.66972	6.14397	3.68084	8.35775	5.01667	10.1528	6.05113	11.4981	6.8953	12.856	7.67482	15.011	8.9664
5.12835	3.03573	5.10789	2.96952	7.27262	4.31777	9.37432	5.57541	10.4658	6.1858	11.4171	6.77273	13.186	7.83804	14.4753	8.62015	6.17925	3.67188	8.39106	4.99564	10.2032	6.032	11.5483	6.86907	12.8936	7.63489	15.039	8.91027
5.16749	3.03432	5.1499	2.97031	7.30406	4.30149	9.41808	5.55621	10.5346	6.17654	11.4623	6.74485	13.2255	7.7981	14.5112	8.57173	6.21466	3.66314	8.42416	4.97482	10.2535	6.01308	11.5987	6.84331	12.9318	7.59596	15.0669	8.85501
5.20668	3.03297	5.19188	2.97108	7.33556	4.28551	9.46114	5.53693	10.6036	6.1675	11.5083	6.71778	13.2649	7.75874	14.5478	8.52442	6.2502	3.65462	8.45706	4.95422	10.3036	5.99434	11.6491	6.81801	12.9706	7.55802	15.0947	8.80062
5.24593	3.03167	5.23385	2.97183	7.36711	4.26981	9.50354	5.51756	10.6726	6.15862	11.5548	6.6915	13.3042	7.71994	14.5849	8.47819	6.28587	3.6463	8.48978	4.93384	10.3534	5.97577	11.6996	6.79316	13.01	7.52103	15.1226	8.74709
5.28523	3.03041	5.2758	2.97256	7.39873	4.2544	9.54529	5.49812	10.7416	6.1499	11.602	6.66599	13.3434	7.68169	14.6226	8.43302	6.32166	3.63819	8.52233	4.91368	10.403	5.95734	11.7501	6.76874	13.0501	7.48498	15.1505	8.6944
5.32457	3.02921	5.31773	2.97326	7.43041	4.23926	9.58644	5.47864	10.8106	6.14129	11.6498	6.64125	13.3825	7.64399	14.6608	8.38887	6.35758	3.63027	8.55472	4.89375	10.4523	5.93905	11.8008	6.74477	13.0907	7.44983	15.1783	8.64253
5.36396	3.02805	5.35965	2.97394	7.46216	4.2244	9.62699	5.45913	10.8795	6.13276	11.6982	6.61725	13.4215	7.60683	14.6996	8.34572	6.39362	3.62255	8.58697	4.87405	10.5013	5.92086	11.8515	6.72122	13.132	7.41557	15.2062	8.59148
5.4034	3.02693	5.40154	2.97461	7.49398	4.2098	9.66698	5.4396	10.9483	6.12429	11.7473	6.59398	13.4605	7.5702	14.7389	8.30354	6.42978	3.61501	8.61909	4.85458	10.55	5.90277	11.9024	6.69808	13.1738	7.38217	15.2342	8.54123
5.44288	3.02586	5.44342	2.97525	7.52587	4.19547	9.70643	5.42007	11.0169	6.11585	11.797	6.57143	13.4994	7.5341	14.7787	8.2623	6.46606	3.60765	8.65109	4.83534	10.5983	5.88477	11.9534	6.67536	13.2163	7.34961	15.2622	8.49178
5.48241	3.02482	5.48529	2.97588	7.55784	4.1814	9.74537	5.40055	11.0852	6.10741	11.8475	6.54959	13.5382	7.49852	14.8191	8.22196	6.50245	3.60047	8.68298	4.81633	10.6463	5.86684	12.0044	6.65304	13.2593	7.31786	15.2902	8.44311
5.52198	3.02383	5.52713	2.97649	7.58988	4.16758	9.78381	5.38106	11.1533	6.09894	11.8985	6.52846	13.577	7.46345	14.8599	8.18252	6.53897	3.59347	8.71477	4.79755	10.6939	5.84897	12.0556	6.63112	13.303	7.28691	15.3183	8.39521
5.56159	3.02287	5.56896	2.97708	7.622	4.154	9.82179	5.36159	11.221	6.0904	11.9503	6.50802	13.6158	7.4289	14.9013	8.14393	6.57559	3.58663	8.74647	4.77901	10.7411	5.83116	12.1069	6.60958	13.3471	7.25672	15.3465	8.34806
5.60124	3.02194	5.61078	2.97765	7.6542	4.14068	9.85932	5.34218	11.2884	6.08179	12.0028	6.48826	13.6546	7.39486	14.9431	8.10618	6.61233	3.57995	8.77809	4.7607	10.7879	5.81339	12.1583	6.58842	13.3919	7.22729	15.3748	8.30167
5.64092	3.02105	5.65257	2.9782	7.68648	4.12759	9.89643	5.32283	11.3552	6.07306	12.0561	6.46919	13.6934	7.36133	14.9854	8.06923	6.64918	3.57343	8.80965	4.74262	10.8343	5.79565	12.2098	6.56764	13.4372	7.19858	15.4032	8.25602
5.68064	3.0202	5.69436	2.97874	7.71885	4.11474	9.93314	5.30354	11.4216	6.06419	12.1101	6.45079	13.7322	7.3283	15.0282	8.03306	6.68614	3.56706	8.84114	4.72477	10.8803	5.77794	12.2614	6.54723	13.483	7.17057	15.4318	8.2111
5.7204	3.01937	5.73612	2.97927	7.7513	4.10211	9.96946	5.28433	11.4875	6.05515	12.1648	6.43307	13.7711	7.29577	15.0714	7.99765	6.72321	3.56085	8.87258	4.70715	10.9258	5.76026	12.3132	6.52717	13.5294	7.14326	15.4605	8.16691
5.7602	3.01857	5.77787	2.97978	7.78383	4.08972	10.0054	5.2652	11.5527	6.04593	12.2203	6.41601	13.81	7.26374	15.115	7.96298	6.76039	3.55478	8.90397	4.68976	10.9709	5.74259	12.365	6.50745	13.5763	7.1166	15.4893	8.12342
5.80003	3.01781	5.81961	2.98027	7.81645	4.07754	10.041	5.24617	11.6172	6.03649	12.2767	6.39962	13.849	7.2322	15.159	7.92901	6.79767	3.54885	8.93532	4.6726	11.0155	5.72495	12.417	6.48808	13.6237	7.0906	15.5183	8.08064
5.83989	3.01707	5.86133	2.98075	7.84915	4.06558	10.0763	5.22724	11.6811	6.02682	12.3338	6.38388	13.8881	7.20115	15.2034	7.89573	6.83506	3.54306	8.96664	4.65567	11.0596	5.70731	12.469	6.46904	13.6716	7.06522	15.5475	8.03856
5.87978	3.01636	5.90304	2.98122	7.88195	4.05384	10.1113	5.20842	11.7442	6.0169	12.3918	6.3688	13.9273	7.1706	15.2482	7.86312	6.87254	3.5374	8.99794	4.63896	11.1034	5.68969	12.5212	6.45032	13.72	7.04044	15.5768	7.99716
5.91971	3.01567	5.94473	2.98167	7.91483	4.0423	10.146	5.18972	11.8065	6.00671	12.4507	6.35437	13.9666	7.14053	15.2933	7.83114	6.91013	3.53187	9.02921	4.62248	11.1466	5.67209	12.5735	6.43191	13.7689	7.01626	15.6064	7.95644
5.95966	3.01501	5.98641	2.98211	7.94779	4.03097	10.1804	5.17114	11.868	5.99624	12.5104	6.34056	14.006	7.11095	15.3388	7.79979	6.94782	3.52647	9.06047	4.60621	11.1894	5.65449	12.6258	6.4138	13.8182	6.99264	15.6361	7.91639
5.99964	3.01437	6.02807	2.98253	7.98085	4.01984	10.2146	5.15268	11.9286	5.98548	12.571	6.32739	14.0456	7.08185	15.3846	7.76904	6.98561	3.5212	9.09173	4.59017	11.2317	5.63691	12.6783	6.39598	13.868	6.96958	15.6661	7.877
6.03965	3.01375	6.06972	2.98295	8.014	4.00891	10.2485	5.13435	11.9883	5.97443	12.6324	6.31482	14.0854	7.05324	15.4308	7.73886	7.02349	3.51604	9.12297	4.57435	11.2736	5.61934	12.7308	6.37844	13.9182	6.94705	15.6963	7.83827
6.07969	3.01316	6.11136	2.98335	8.04723	3.99817	10.2822	5.11616	12.0471	5.96308	12.6947	6.30285	14.1253	7.0251	15.4772	7.70925	7.06146	3.511	9.15423	4.55874	11.315	5.60179	12.7834	6.36118	13.9689	6.92504	15.7268	7.80019
6.11976	3.01259	6.15298	2.98374	8.08055	3.98762	10.3157	5.09811	12.105	5.95143	12.7578	6.29146	14.1654	6.99744	15.5239	7.68018	7.09953	3.50608	9.18548	4.54335	11.356	5.58426	12.836	6.34417	14.0199	6.90353	15.7575	7.76274
6.15985	3.01204	6.19459	2.98412	8.11397	3.97725	10.349	5.0802	12.162	5.93949	12.8218	6.28062	14.2058	6.97025	15.5709	7.65163	7.13769	3.50127	9.21675	4.52817	11.3966	5.56675	12.8886	6.3274	14.0714	6.88251	15.7885	7.72593
6.19997	3.01151	6.23619	2.98449	8.14747	3.96707	10.3821	5.06244	12.218	5.92725	12.8866	6.27032	14.2463	6.94353	15.6182	7.62358	7.17594	3.49656	9.24803	4.5132	11.4367	5.54926	12.9413	6.31087	14.1233	6.86196	15.8197	7.68974
6.24011	3.01099	6.27777	2.98484	8.18106	3.95706	10.415	5.04483	12.2732	5.91474	12.9521	6.26053	14.2871	6.91728	15.6656	7.59602	7.21428	3.49196	9.27933	4.49844	11.4764	5.53181	12.994	6.29457	14.1756	6.84187	15.8513	7.65417
6.28027	3.0105	6.31935	2.98519	8.21475	3.94723	10.4477	5.02738	12.3274	5.90196	13.0184	6.25122	14.3281	6.89149	15.7133	7.56893	7.25271	3.48747	9.31065	4.48388	11.5157	5.51438	13.0467	6.27847	14.2282	6.82222	15.8832	7.61921
6.32046	3.01002	6.36091	2.98552	8.24852	3.93757	10.4803	5.01007	12.3807	5.88893	13.0854	6.24237	14.3694	6.86616	15.7612	7.54229	7.29123	3.48307	9.342	4.46953	11.5546	5.49699	13.0994	6.26258	14.2812	6.803	15.9153	7.58486
6.36067	3.00956	6.40246	2.98585	8.28238	3.92808	10.5128	4.99293	12.4332	5.87565	13.153	6.23395	14.411	6.84129	15.8093	7.51609	7.32982	3.47877	9.37337	4.45537	11.5932	5.47965	13.152	6.24688	14.3345	6.7842	15.9478	7.5511
6.40091	3.00911	6.44399	2.98617	8.31633	3.91875	10.5451	4.97594	12.4849	5.86214	13.2213	6.22594	14.4528	6.81686	15.8576	7.49031	7.36851	3.47457	9.40478	4.44141	11.6313	5.46234	13.2045	6.23135	14.3882	6.76579	15.9806	7.51794
6.44116	3.00869	6.48552	2.98647	8.35037	3.90958	10.5773	4.95911	12.5357	5.84842	13.2902	6.2183	14.4949	6.79289	15.906	7.46494	7.40727	3.47046	9.43622	4.42765	11.669	5.44509	13.257	6.21599	14.4422	6.74778	16.0138	7.48536
6.48143	3.00827	6.52703	2.98677	8.38449	3.90057	10.6093	4.94245	12.5857	5.8345	13.3596	6.21101	14.5373	6.76937	15.9546	7.43997	7.44612	3.46643	9.46769	4.41408	11.7064	5.42789	13.3095	6.20078	14.4966	6.73014	16.0473	7.45336
6.52173	3.00787	6.56854	2.98706	8.41871	3.89172	10.6413	4.92594	12.6349	5.82041	13.4294	6.20403	14.5801	6.74628	16.0033	7.41537	7.48504	3.4625	9.49921	4.4007	11.7435	5.41074	13.3618	6.18572	14.5512	6.71286	16.0812	7.42194
6.56204	3.00749	6.61003	2.98734	8.45301	3.88301	10.6732	4.9096	12.6834	5.80614	13.4998	6.19736	14.6231	6.72363	16.0521	7.39113	7.52405	3.45865	9.53077	4.38751	11.7802	5.39366	13.4139	6.17079	14.6062	6.69594	16.1155	7.39108
6.60237	3.00711	6.65151	2.98761	8.4874	3.87446	10.705	4.89342	12.7311	5.79172	13.5705	6.19094	14.6665	6.70141	16.101	7.36725	7.56313	3.45488	9.56237	4.3745	11.8166	5.37664	13.466	6.15598	14.6614	6.67936	16.1501	7.36078
6.64273	3.00675	6.69298	2.98788	8.52188	3.86605	10.7367	4.87741	12.7781	5.77716	13.6416	6.18478	14.7102	6.67962	16.1501	7.34371	7.60228	3.4512	9.59401	4.36168	11.8527	5.3597	13.5179	6.14128	14.7169	6.66311		
6.68309	3.00641	6.73444	2.98813	8.55644	3.85779	10.7683	4.86156	12.8245	5.76248	13.7131	6.17883	14.7542	6.65826			7.64151	3.4476	9.62571	4.34904	11.8885	5.34283	13.5695	6.12668	14.7726	6.64718		
6.72348	3.00607	6.77589	2.98838	8.59109	3.84966	10.7999	4.84588	12.8702	5.74768	13.7848	6.17308	14.7986	6.63731			7.68082	3.44407	9.65745	4.33657	11.924	5.32604	13.621	6.11217	14.8286	6.63155		
6.76388	3.00575	6.81733	2.98863	8.62583	3.84167	10.8314	4.83036	12.9153	5.73279	13.8567	6.1675	14.8434	6.61679			7.72019	3.44061	9.68924	4.32428	11.9593	5.30933	13.6723	6.09775	14.8849	6.61623		
6.8043	3.00544	6.85876	2.98886	8.66065	3.83382	10.8628	4.815	12.9598	5.7178	13.9288	6.16207	14.8885	6.59667			7.75964	3.43723	9.72109	4.31216	11.9942	5.2927	13.7234	6.0834	14.9414	6.60119		
6.84474	3.00513	6.90018	2.98909	8.69556	3.8261	10.8942	4.79981	13.0037	5.70274	14.0011	6.15677	14.9341	6.57697			7.79915	3.43393	9.75299	4.30021	12.029	5.27617	13.7742	6.06911	14.9981	6.58642		
6.88519	3.00484	6.94159	2.98931	8.73055	3.8185	10.9256	4.78478	13.047	5.68761	14.0734	6.15159	14.98	6.55768			7.83874	3.43069	9.78494	4.28842	12.0634	5.25972	13.8248	6.05488	15.055	6.57193		
6.92565	3.00456	6.98299	2.98952	8.76563	3.81104	10.9569	4.76991	13.0898	5.67243	14.1459	6.14649	15.0263	6.53879			7.87839	3.42752	9.81695	4.27681	12.0977	5.24338	13.875	6.0407	15.1121	6.55769		
6.96613	3.00429	7.02438	2.98973	8.80078	3.8037	10.9882	4.75521	13.132	5.65719	14.2183	6.14146	15.073	6.5203			7.91811	3.42441	9.84902	4.26535	12.1317	5.22713	13.925	6.02657	15.1694	6.5437		
7.00663	3.00403	7.06577	2.98993	8.83602	3.79648	11.0194	4.74066	13.1738	5.64192	14.2908	6.13648	15.1202	6.50222			7.9579	3.42137	9.88114	4.25406	12.1655	5.21098	13.9747	6.01246	15.2269	6.52995		
7.04713	3.00377	7.10714	2.99013	8.87135	3.78937	11.0507	4.72628	13.215	5.62661	14.3631	6.13153	15.1678	6.48455			7.99774	3.4184	9.91333	4.24292	12.1992	5.19494	14.0241	5.99839	15.2845	6.51642		
7.08765	3.00353	7.14851	2.99032	8.90675	3.78239	11.0819	4.71206	13.2558	5.61129	14.4354	6.12658	15.2159	6.46728			8.03766	3.41548	9.94558	4.23194	12.2326	5.179	14.0731	5.98434	15.3423	6.50311		
7.12819	3.00329	7.18987	2.9905	8.94223	3.77552	11.1131	4.69799	13.2961	5.59594	14.5075	6.12163	15.2645	6.45041			8.07763	3.41263	9.97788	4.22111	12.2659	5.16317	14.1218	5.97031	15.4002	6.49001		
7.16874	3.00306	7.23122	2.99068	8.9778	3.76877	11.1443	4.68408	13.336	5.58059	14.5793	6.11664	15.3136	6.43396			8.11766	3.40983	10.0103	4.21043	12.299	5.14746	14.1701	5.95629	15.4582	6.47711		
7.20929	3.00284	7.27256	2.99085	9.01344	3.76212	11.1755	4.67033	13.3755	5.56524	14.6509	6.11159	15.3632	6.41792			8.15776	3.40709	10.0427	4.1999	12.3319	5.13185	14.2181	5.94228	15.5163	6.4644		
7.24987	3.00263	7.31389	2.99102	9.04917	3.75558	11.2066	4.65673	13.4145	5.54989	14.7222	6.10647	15.4135	6.4023			8.19791	3.4044	10.0752	4.18952	12.3647	5.11636	14.2657	5.92828	15.5745	6.45187		
7.29045	3.00242	7.35522	2.99118	9.08497	3.74915	11.2378	4.64329	13.4531	5.53455	14.7931	6.10124	15.4643	6.38711			8.23812	3.40177	10.1077	4.17928	12.3973	5.10098	14.3129	5.91428	15.6328	6.43951		
7.33104	3.00222	7.39653	2.99134	9.12085	3.74282	11.269	4.63	13.4914	5.51922	14.8635	6.09588	15.5157	6.37236			8.27839	3.3992	10.1404	4.16918	12.4298	5.08573	14.3598	5.90027	15.6911	6.42732		
7.37165	3.00203	7.43784	2.99149	9.1568	3.7366	11.3002	4.61686	13.5293	5.50392	14.9334	6.09038	15.5679	6.35805			8.31872	3.39667	10.1731	4.15923	12.4622	5.07059	14.4063	5.88627	15.7495	6.41527		
7.41226	3.00184	7.47915	2.99164	9.19284	3.73047	11.3314	4.60387	13.5669	5.48864	15.0027	6.0847	15.6208	6.3442			8.3591	3.3942	10.2058	4.14941	12.4944	5.05557	14.4523	5.87226	15.8078	6.40337		
7.45289	3.00166	7.52044	2.99179	9.22894	3.72445	11.3626	4.59103	13.6041	5.4734	15.0714	6.07881	15.6745	6.33081			8.39953	3.39177	10.2386	4.13972	12.5266	5.04067	14.498	5.85825	15.8662	6.3916		
7.49353	3.00149	7.56173	2.99193	9.26513	3.71852	11.3938	4.57834	13.6409	5.45819	15.1393	6.0727	15.7289	6.31791			8.44002	3.38939	10.2715	4.13017	12.5586	5.02589	14.5432	5.84423	15.9246	6.37995		
7.53417	3.00132	7.60301	2.99206	9.30139	3.71268	11.4251	4.56579	13.6775	5.44302	15.2065	6.06634	15.7843	6.3055			8.48056	3.38706	10.3045	4.12075	12.5906	5.01123	14.5881	5.8302	15.983	6.36842		
7.57483	3.00116	7.64429	2.9922	9.33772	3.70694	11.4563	4.55338	13.7138	5.42789	15.2727	6.0597	15.8406	6.29358			8.52116	3.38478	10.3375	4.11145	12.6224	4.9967	14.6326	5.81616	16.0413	6.35699		
7.61549	3.001	7.68556	2.99232	9.37412	3.70129	11.4876	4.54112	13.7497	5.41282	15.3381	6.05276	15.8979	6.28219			8.5618	3.38254	10.3706	4.10229	12.6542	4.98229	14.6766	5.80211	16.0995	6.34566		
7.65617	3.00085	7.72682	2.99245	9.4106	3.69572	11.5189	4.529	13.7854	5.39779	15.4024	6.04551	15.9562	6.27131			8.60249	3.38034	10.4037	4.09325	12.6859	4.968	14.7203	5.78806	16.1577	6.33442		
7.69685	3.0007	7.76808	2.99257	9.44715	3.69025	11.5503	4.51703	13.8209	5.38283	15.4657	6.03793	16.0155	6.26095			8.64323	3.37819	10.4369	4.08433	12.7175	4.95384	14.7635	5.774				
7.73754	3.00056	7.80933	2.99268	9.48377	3.68486	11.5816	4.50518	13.856	5.36792	15.5279	6.03	16.0759	6.25112			8.68402	3.37608	10.4702	4.07553	12.749	4.9398	14.8064	5.75994				
7.77824	3.00042	7.85057	2.9928	9.52046	3.67955	11.613	4.49348	13.891	5.35307	15.589	6.02172	16.1373	6.24182			8.72486	3.37401	10.5036	4.06686	12.7805	4.92589	14.8488	5.74587				
7.81895	3.00029	7.89181	2.9929	9.55722	3.67433	11.6445	4.48191	13.9256	5.33829	15.6489	6.0131	16.1999	6.23303			8.76575	3.37198	10.537	4.0583	12.812	4.91209	14.8909	5.73179				
7.85967	3.00016	7.93304	2.99301	9.59405	3.66919	11.6759	4.47047	13.9601	5.32358	15.7077	6.00412					8.80668	3.36998	10.5705	4.04985	12.8433	4.89843	14.9325	5.71772				
7.90039	3.00004	7.97427	2.99311	9.63094	3.66412	11.7074	4.45917	13.9944	5.30894	15.7654	5.99481					8.84765	3.36803	10.604	4.04152	12.8747	4.88489	14.9738	5.70364				
7.94112	2.99992	8.01549	2.99321	9.66791	3.65914	11.7389	4.448	14.0284	5.29437	15.8219	5.98516					8.88867	3.36611	10.6377	4.0333	12.906	4.87147	15.0147	5.68957				
7.98186	2.9998	8.0567	2.99331	9.70494	3.65423	11.7705	4.43696	14.0622	5.27988	15.8773	5.9752					8.92974	3.36423	10.6713	4.02519	12.9372	4.85817	15.0552	5.6755				
8.0226	2.99969	8.09791	2.9934	9.74204	3.6494	11.8021	4.42604	14.0959	5.26547	15.9317	5.96495					8.97084	3.36238	10.7051	4.01719	12.9684	4.845	15.0954	5.66144				
8.06336	2.99958	8.13912	2.9935	9.77921	3.64464	11.8337	4.41525	14.1294	5.25114	15.985	5.95442					9.01199	3.36057	10.7389	4.0093	12.9996	4.83195	15.1352	5.64739				
8.10411	2.99948	8.18031	2.99358	9.81644	3.63995	11.8654	4.40459	14.1627	5.23688	16.0374	5.94363					9.05318	3.3588	10.7728	4.00151	13.0308	4.81902	15.1747	5.63335				
8.14488	2.99938	8.22151	2.99367	9.85373	3.63534	11.8972	4.39405	14.1958	5.22272	16.0888	5.93261					9.09442	3.35705	10.8068	3.99383	13.0619	4.80621	15.2138	5.61932				
8.18565	2.99928	8.2627	2.99375	9.89109	3.63079	11.9289	4.38363	14.2288	5.20864	16.1394	5.92137					9.13569	3.35534	10.8408	3.98624	13.093	4.79353	15.2525	5.60531				
8.22643	2.99918	8.30388	2.99383	9.92851	3.62632	11.9607	4.37333	14.2617	5.19464	16.1891	5.90994					9.177	3.35366	10.8749	3.97876	13.1241	4.78096	15.291	5.59132				
8.26721	2.99909	8.34506	2.99391	9.966	3.62191	11.9926	4.36315	14.2944	5.18074							9.21835	3.35201	10.909	3.97137	13.1552	4.76852	15.3291	5.57735				
8.308	2.999	8.38624	2.99398	10.0035	3.61756	12.0245	4.35309	14.327	5.16692							9.25974	3.35039	10.9433	3.96409	13.1863	4.75619	15.3669	5.5634				
8.3488	2.99892	8.42741	2.99406	10.0412	3.61329	12.0565	4.34314	14.3594	5.15319							9.30116	3.3488	10.9775	3.9569	13.2173	4.74399	15.4043	5.54949				
8.3896	2.99884	8.46858	2.99413	10.0788	3.60907	12.0885	4.33331	14.3917	5.13956							9.34263	3.34724	11.0119	3.9498	13.2484	4.7319	15.4415	5.5356				
8.4304	2.99876	8.50974	2.9942	10.1165	3.60492	12.1205	4.32359	14.424	5.12602							9.38412	3.34571	11.0463	3.94279	13.2794	4.71992	15.4784	5.52174				
8.47121	2.99868	8.5509	2.99426	10.1543	3.60083	12.1526	4.31398	14.4561	5.11257							9.42566	3.3442	11.0808	3.93588	13.3105	4.70806	15.5151	5.50792				
8.51203	2.9986	8.59205	2.99433	10.1922	3.5968	12.1847	4.30449	14.4881	5.09922							9.46723	3.34272	11.1153	3.92905	13.3416	4.69632	15.5514	5.49414				
8.55285	2.99853	8.6332	2.99439	10.2301	3.59283	12.2169	4.2951	14.52	5.08596							9.50883	3.34127	11.15	3.92232	13.3726	4.6847	15.5875	5.48039				
8.59368	2.99846	8.67435	2.99445	10.2681	3.58891	12.2492	4.28582	14.5518	5.0728							9.55047	3.33984	11.1846	3.91567	13.4037	4.67318	15.6233	5.46669				
8.63451	2.99839	8.71549	2.99451	10.3061	3.58506	12.2815	4.27664	14.5836	5.05973							9.59215	3.33844	11.2194	3.90911	13.4348	4.66178	15.6589	5.45303				
8.67534	2.99833	8.75663	2.99457	10.3441	3.58126	12.3138	4.26758	14.6152	5.04676							9.63385	3.33707	11.2542	3.90263	13.4659	4.65049	15.6942	5.43942				
8.71618	2.99826	8.79777	2.99462	10.3823	3.57751	12.3462	4.25861	14.6468	5.03389							9.67559	3.33572	11.289	3.89623	13.497	4.63931	15.7293	5.42586				
8.75703	2.9982	8.8389	2.99468	10.4205	3.57382	12.3787	4.24974	14.6784	5.02111							9.71736	3.33439	11.324	3.88992	13.5281	4.62824	15.7642	5.41235				
8.79788	2.99814	8.88003	2.99473	10.4587	3.57018	12.4112	4.24098	14.7098	5.00843							9.75916	3.33308	11.359	3.88369	13.5592	4.61728	15.7989	5.39889				
8.83873	2.99808	8.92116	2.99478	10.497	3.5666	12.4437	4.23232	14.7412	4.99585							9.80099	3.3318	11.394	3.87753	13.5904	4.60643	15.8334	5.38549				
8.87958	2.99803	8.96228	2.99483	10.5354	3.56306	12.4763	4.22375	14.7726	4.98336							9.84285	3.33054	11.4291	3.87146	13.6216	4.59568	15.8676	5.37214				
8.92044	2.99797	9.0034	2.99487	10.5738	3.55958	12.509	4.21528	14.8039	4.97098							9.88475	3.3293	11.4643	3.86546	13.6528	4.58504	15.9017	5.35885				
8.96131	2.99792	9.04451	2.99492	10.6122	3.55615	12.5417	4.20691	14.8351	4.95869							9.92667	3.32808	11.4996	3.85953	13.684	4.57451	15.9356	5.34563				
9.00218	2.99787	9.08563	2.99497	10.6507	3.55276	12.5745	4.19863	14.8663	4.9465							9.96862	3.32689	11.5349	3.85368	13.7152	4.56408	15.9693	5.33246				
9.04305	2.99782	9.12674	2.99501	10.6893	3.54942	12.6073	4.19045	14.8975	4.9344							10.0106	3.32571	11.5702	3.84791	13.7465	4.55375	16.0029	5.31936				
9.08392	2.99777	9.16784	2.99505	10.7279	3.54613	12.6402	4.18235	14.9286	4.92241							10.0526	3.32455	11.6056	3.8422	13.7778	4.54353	16.0362	5.30632				
9.1248	2.99773	9.20895	2.99509	10.7666	3.54289	12.6731	4.17435	14.9597	4.91051							10.0946	3.32342	11.6411	3.83657	13.8091	4.5334	16.0695	5.29335				
9.16568	2.99768	9.25005	2.99513	10.8053	3.53969	12.7061	4.16644	14.9908	4.8987							10.1367	3.3223	11.6767	3.83101	13.8405	4.52338	16.1025	5.28045				
9.20656	2.99764	9.29115	2.99517	10.844	3.53653	12.7391	4.15861	15.0218	4.88699							10.1788	3.3212	11.7123	3.82552	13.8719	4.51345	16.1355	5.26761				
9.24745	2.9976	9.33224	2.9952	10.8828	3.53342	12.7722	4.15087	15.0529	4.87538							10.2209	3.32012	11.7479	3.82009	13.9033	4.50363	16.1683	5.25485				
9.28834	2.99756	9.37334	2.99524	10.9217	3.53036	12.8054	4.14322	15.0839	4.86387							10.263	3.31905	11.7836	3.81473	13.9348	4.4939						
9.32924	2.99752	9.41443	2.99527	10.9606	3.52733	12.8386	4.13566	15.1148	4.85245							10.3052	3.31801	11.8194	3.80944	13.9662	4.48426						
9.37013	2.99748	9.45552	2.99531	10.9996	3.52435	12.8718	4.12817	15.1458	4.84112							10.3474	3.31698	11.8553	3.80422	13.9978	4.47472						
9.41103	2.99745	9.4966	2.99534	11.0386	3.52141	12.9051	4.12077	15.1767	4.82989							10.3896	3.31597	11.8911	3.79905	14.0293	4.46528						
9.45193	2.99741	9.53768	2.99537	11.0776	3.5185	12.9385	4.11346	15.2077	4.81875							10.4319	3.31497	11.9271	3.79395	14.0609	4.45593						
9.49284	2.99738	9.57877	2.9954	11.1167	3.51564	12.9719	4.10622	15.2386	4.80771							10.4741	3.31399	11.9631	3.78892	14.0925	4.44667						
9.53374	2.99734	9.61985	2.99543	11.1558	3.51282	13.0054	4.09906	15.2695	4.79676							10.5164	3.31303	11.9992	3.78394	14.1242	4.4375						
9.57465	2.99731	9.66092	2.99546	11.195	3.51003	13.0389	4.09198	15.3005	4.7859							10.5587	3.31208	12.0353	3.77902	14.1559	4.42843						
9.61556	2.99728	9.702	2.99549	11.2342	3.50729	13.0725	4.08498	15.3314	4.77514							10.6011	3.31115	12.0714	3.77417	14.1876	4.41944						
9.65648	2.99725	9.74307	2.99551	11.2735	3.50457	13.1061	4.07806	15.3623	4.76446							10.6434	3.31023	12.1077	3.76937	14.2194	4.41054						
9.69739	2.99722	9.78414	2.99554	11.3128	3.5019	13.1398	4.07121	15.3932	4.75388							10.6858	3.30933	12.144	3.76463	14.2512	4.40173						
9.73831	2.99719	9.82521	2.99557	11.3522	3.49926	13.1736	4.06443	15.4241	4.74339							10.7282	3.30844	12.1803	3.75994	14.2831	4.393						
9.77923	2.99717	9.86628	2.99559	11.3916	3.49666	13.2074	4.05773	15.4551	4.73298							10.7706	3.30757	12.2167	3.75532	14.315	4.38436						
9.82016	2.99714	9.90734	2.99561	11.431	3.49409	13.2412	4.05111	15.486	4.72267							10.813	3.30671	12.2531	3.75074	14.3469	4.37581						
9.86108	2.99712	9.94841	2.99564	11.4705	3.49155	13.2751	4.04455	15.5169	4.71244							10.8555	3.30586	12.2896	3.74622	14.3789	4.36734						
9.90201	2.99709	9.98947	2.99566	11.51	3.48905	13.3091	4.03806	15.5479	4.7023							10.898	3.30503	12.3262	3.74176	14.4109	4.35895						
9.94294	2.99707	10.0305	2.99568	11.5496	3.48659	13.3431	4.03165	15.5789	4.69225							10.9405	3.30421	12.3628	3.73735	14.443	4.35064						
9.98387	2.99704	10.0716	2.9957	11.5892	3.48415	13.3772	4.0253	15.6099	4.68229							10.983	3.3034	12.3994	3.73299	14.4751	4.34242						
10.0248	2.99702	10.1126	2.99572	11.6288	3.48175	13.4113	4.01902	15.6408	4.67241							11.0256	3.3026	12.4361	3.72868	14.5073	4.33427						
10.0657	2.997	10.1537	2.99574	11.6685	3.47937	13.4455	4.01281	15.6719	4.66262							11.0681	3.30182	12.4729	3.72442	14.5395	4.32621						
10.1067	2.99698	10.1948	2.99576	11.7082	3.47703	13.4797	4.00667	15.7029	4.65291							11.1107	3.30105	12.5097	3.72021	14.5717	4.31822						
10.1476	2.99696	10.2358	2.99578	11.748	3.47472	13.514	4.00059	15.7339	4.64328							11.1533	3.30029	12.5466	3.71605	14.604	4.31031						
10.1885	2.99694	10.2769	2.99579	11.7878	3.47244	13.5484	3.99457	15.765	4.63374							11.1959	3.29954	12.5835	3.71194	14.6363	4.30248						
10.2295	2.99692	10.3179	2.99581	11.8276	3.47019	13.5827	3.98862	15.7961	4.62428							11.2386	3.2988	12.6204	3.70788	14.6687	4.29472						
10.2704	2.9969	10.359	2.99583	11.8675	3.46796	13.6172	3.98273	15.8272	4.6149							11.2812	3.29808	12.6574	3.70386	14.7011	4.28704						
10.3114	2.99688	10.4	2.99584	11.9074	3.46577	13.6517	3.97691	15.8583	4.60561							11.3239	3.29736	12.6945	3.69989	14.7336	4.27943						
10.3523	2.99687	10.441	2.99586	11.9473	3.4636	13.6862	3.97114	15.8895	4.59639							11.3666	3.29666	12.7316	3.69597	14.7661	4.27189						
10.3933	2.99685	10.4821	2.99588	11.9873	3.46146	13.7208	3.96544	15.9207	4.58725							11.4093	3.29596	12.7688	3.69209	14.7986	4.26443						
10.4342	2.99683	10.5231	2.99589	12.0273	3.45935	13.7555	3.95979	15.9519	4.5782							11.452	3.29528	12.806	3.68825	14.8312	4.25704						
10.4752	2.99682	10.5642	2.9959	12.0674	3.45727	13.7902	3.95421	15.9831	4.56922							11.4947	3.29461	12.8432	3.68446	14.8639	4.24972						
10.5161	2.9968	10.6052	2.99592	12.1075	3.45521	13.8249	3.94868	16.0144	4.56031							11.5375	3.29394	12.8805	3.68071	14.8966	4.24247						
10.5571	2.99679	10.6463	2.99593	12.1476	3.45317	13.8597	3.94321	16.0457	4.55149							11.5803	3.29329	12.9179	3.67701	14.9293	4.23529						
10.598	2.99677	10.6873	2.99594	12.1878	3.45117	13.8946	3.9378	16.077	4.54274							11.623	3.29265	12.9552	3.67335	14.9621	4.22818						
10.639	2.99676	10.7283	2.99596	12.228	3.44918	13.9295	3.93244	16.1083	4.53407							11.6658	3.29201	12.9927	3.66972	14.9949	4.22114						
10.6799	2.99675	10.7694	2.99597	12.2682	3.44723	13.9645	3.92714	16.1397	4.52547							11.7087	3.29139	13.0302	3.66614	15.0278	4.21416						
10.7209	2.99673	10.8104	2.99598	12.3084	3.44529	13.9995	3.9219	16.1711	4.51695							11.7515	3.29077	13.0677	3.6626	15.0607	4.20725						
10.7619	2.99672	10.8514	2.99599	12.3487	3.44338	14.0345	3.91671									11.7943	3.29016	13.1053	3.6591	15.0937	4.2004						
10.8028	2.99671	10.8925	2.996	12.3891	3.4415	14.0696	3.91157									11.8372	3.28956	13.1429	3.65564	15.1267	4.19362						
10.8438	2.9967	10.9335	2.99601	12.4294	3.43963	14.1048	3.90648									11.8801	3.28897	13.1805	3.65221	15.1598	4.18691						
10.8847	2.99669	10.9745	2.99602	12.4698	3.43779	14.14	3.90145									11.923	3.28839	13.2182	3.64883	15.1929	4.18025						
10.9257	2.99668	11.0156	2.99603	12.5102	3.43598	14.1752	3.89646									11.9659	3.28781	13.256	3.64548	15.226	4.17366						
10.9667	2.99667	11.0566	2.99604	12.5507	3.43418	14.2105	3.89153									12.0088	3.28725	13.2938	3.64217	15.2592	4.16714						
11.0076	2.99666	11.0976	2.99605	12.5912	3.43241	14.2459	3.88665									12.0517	3.28669	13.3316	3.63889	15.2925	4.16067						
11.0486	2.99665	11.1386	2.99606	12.6317	3.43065	14.2813	3.88182									12.0947	3.28614	13.3695	3.63565	15.3258	4.15426						
11.0896	2.99664	11.1797	2.99607	12.6722	3.42892	14.3168	3.87703									12.1376	3.2856	13.4074	3.63245	15.3591	4.14792						
11.1305	2.99663	11.2207	2.99608	12.7128	3.42721	14.3522	3.8723									12.1806	3.28506	13.4454	3.62928	15.3925	4.14163						
11.1715	2.99662	11.2617	2.99609	12.7534	3.42552	14.3878	3.86761									12.2236	3.28454	13.4834	3.62615	15.4259	4.1354						
11.2125	2.99661	11.3027	2.9961	12.794	3.42385	14.4234	3.86297									12.2666	3.28402	13.5214	3.62305	15.4594	4.12923						
11.2534	2.9966	11.3438	2.9961	12.8347	3.42221	14.459	3.85838									12.3096	3.2835	13.5595	3.61998	15.493	4.12312						
11.2944	2.99659	11.3848	2.99611	12.8754	3.42058	14.4947	3.85383									12.3526	3.283	13.5976	3.61695	15.5265	4.11706						
11.3354	2.99658	11.4258	2.99612	12.9161	3.41897	14.5304	3.84932									12.3957	3.2825	13.6358	3.61395	15.5601	4.11106						
11.3763	2.99658	11.4668	2.99613	12.9568	3.41737	14.5662	3.84487									12.4387	3.282	13.674	3.61098	15.5938	4.10511						
11.4173	2.99657	11.5079	2.99613	12.9976	3.4158	14.602	3.84045									12.4818	3.28152	13.7123	3.60804	15.6275	4.09922						
11.4583	2.99656	11.5489	2.99614	13.0384	3.41425	14.6379	3.83608									12.5248	3.28104	13.7506	3.60514	15.6613	4.09339						
11.4993	2.99655	11.5899	2.99615	13.0792	3.41271	14.6738	3.83176									12.5679	3.28057	13.7889	3.60226	15.6951	4.0876						
11.5402	2.99655	11.6309	2.99615	13.1201	3.41119	14.7098	3.82747									12.611	3.2801	13.8273	3.59942	15.7289	4.08187						
11.5812	2.99654	11.6719	2.99616	13.161	3.40969	14.7458	3.82323									12.6541	3.27964	13.8657	3.59661	15.7628	4.0762						
11.6222	2.99654	11.713	2.99616	13.2019	3.40821	14.7819	3.81903									12.6972	3.27919	13.9041	3.59382	15.7968	4.07057						
11.6632	2.99653	11.754	2.99617	13.2428	3.40674	14.8179	3.81487									12.7404	3.27874	13.9426	3.59107	15.8308	4.06499						
11.7041	2.99652	11.795	2.99617	13.2838	3.40529	14.8541	3.81075									12.7835	3.2783	13.9811	3.58834	15.8648	4.05947						
11.7451	2.99652	11.836	2.99618	13.3248	3.40386	14.8903	3.80667									12.8266	3.27786	14.0196	3.58565	15.8989	4.054						
11.7861	2.99651	11.877	2.99619	13.3658	3.40245	14.9265	3.80263									12.8698	3.27743	14.0582	3.58298	15.933	4.04857						
11.8271	2.99651	11.918	2.99619	13.4068	3.40105	14.9628	3.79863									12.913	3.277	14.0969	3.58034	15.9671	4.0432						
11.8681	2.9965	11.959	2.99619	13.4479	3.39966	14.9991	3.79467									12.9561	3.27658	14.1355	3.57772	16.0014	4.03787						
11.909	2.9965	12.0001	2.9962	13.489	3.3983	15.0355	3.79074									12.9993	3.27617	14.1742	3.57514	16.0356	4.03259						
11.95	2.99649	12.0411	2.9962	13.5301	3.39694	15.0719	3.78686									13.0425	3.27576	14.213	3.57258	16.0699	4.02736						
11.991	2.99649	12.0821	2.99621	13.5712	3.39561	15.1083	3.78301									13.0857	3.27536	14.2517	3.57005	16.1043	4.02217						
12.032	2.99648	12.1231	2.99621	13.6124	3.39429	15.1448	3.7792									13.129	3.27496	14.2905	3.56754	16.1387	4.01704						
12.073	2.99648	12.1641	2.99622	13.6536	3.39298	15.1813	3.77542									13.1722	3.27456	14.3294	3.56506	16.1731	4.01194						
12.1139	2.99647	12.2051	2.99622	13.6948	3.39169	15.2179	3.77168									13.2154	3.27418	14.3683	3.5626								
12.1549	2.99647	12.2461	2.99622	13.736	3.39041	15.2545	3.76798									13.2587	3.27379	14.4072	3.56017								
12.1959	2.99647	12.2872	2.99623	13.7773	3.38914	15.2911	3.76431									13.3019	3.27341	14.4461	3.55777								
12.2369	2.99646	12.3282	2.99623	13.8185	3.38789	15.3278	3.76068									13.3452	3.27304	14.4851	3.55539								
12.2779	2.99646	12.3692	2.99624	13.8598	3.38666	15.3646	3.75708									13.3885	3.27267	14.5241	3.55303								
12.3189	2.99645	12.4102	2.99624	13.9011	3.38544	15.4014	3.75351									13.4317	3.27231	14.5632	3.5507								
12.3598	2.99645	12.4512	2.99624	13.9425	3.38423	15.4382	3.74998									13.475	3.27194	14.6022	3.54839								
12.4008	2.99645	12.4922	2.99624	13.9839	3.38303	15.475	3.74648									13.5183	3.27159	14.6413	3.5461								
12.4418	2.99644	12.5332	2.99625	14.0252	3.38185	15.5119	3.74302									13.5616	3.27124	14.6805	3.54384								
12.4828	2.99644	12.5742	2.99625	14.0666	3.38068	15.5489	3.73958									13.6049	3.27089	14.7197	3.5416								
12.5238	2.99644	12.6152	2.99625	14.1081	3.37952	15.5858	3.73618									13.6483	3.27055	14.7589	3.53938								
12.5648	2.99643	12.6562	2.99626	14.1495	3.37838	15.6229	3.73281									13.6916	3.27021	14.7981	3.53718								
12.6058	2.99643	12.6972	2.99626	14.191	3.37725	15.6599	3.72947									13.7349	3.26987	14.8374	3.53501								
12.6467	2.99643	12.7383	2.99626	14.2325	3.37613	15.697	3.72616									13.7783	3.26954	14.8767	3.53286								
12.6877	2.99643	12.7793	2.99626	14.274	3.37502	15.7341	3.72289									13.8216	3.26922	14.916	3.53073								
12.7287	2.99642	12.8203	2.99627	14.3155	3.37393	15.7713	3.71964									13.865	3.2689	14.9554	3.52862								
12.7697	2.99642	12.8613	2.99627	14.3571	3.37284	15.8085	3.71642									13.9084	3.26858	14.9948	3.52653								
12.8107	2.99642	12.9023	2.99627	14.3986	3.37177	15.8458	3.71323									13.9518	3.26826	15.0342	3.52446								
12.8517	2.99642	12.9433	2.99627	14.4402	3.37071	15.883	3.71007									13.9951	3.26795	15.0737	3.52241								
12.8927	2.99641	12.9843	2.99628	14.4818	3.36966	15.9204	3.70694									14.0385	3.26764	15.1132	3.52038								
12.9337	2.99641	13.0253	2.99628	14.5235	3.36862	15.9577	3.70384									14.0819	3.26734	15.1527	3.51837								
12.9746	2.99641	13.0663	2.99628	14.5651	3.36759	15.9951	3.70077									14.1253	3.26704	15.1922	3.51638								
13.0156	2.99641	13.1073	2.99628	14.6068	3.36658	16.0325	3.69772									14.1688	3.26674	15.2318	3.51441								
13.0566	2.9964	13.1483	2.99628	14.6485	3.36557	16.07	3.6947									14.2122	3.26645	15.2714	3.51246								
13.0976	2.9964	13.1893	2.99629	14.6902	3.36457	16.1075	3.69171									14.2556	3.26616	15.311	3.51053								
13.1386	2.9964	13.2303	2.99629	14.7319	3.36359	16.145	3.68875									14.299	3.26587	15.3507	3.50861								
13.1796	2.9964	13.2713	2.99629	14.7736	3.36261	16.1826	3.68581									14.3425	3.26559	15.3904	3.50672								
13.2206	2.9964	13.3123	2.99629	14.8154	3.36165											14.3859	3.26531	15.4301	3.50484								
13.2616	2.9964	13.3533	2.99629	14.8572	3.3607											14.4294	3.26503	15.4698	3.50298								
13.3026	2.99639	13.3943	2.99629	14.899	3.35975											14.4728	3.26476	15.5096	3.50114								
13.3436	2.99639	13.4353	2.9963	14.9408	3.35882											14.5163	3.26449	15.5494	3.49931								
13.3846	2.99639	13.4763	2.9963	14.9826	3.35789											14.5598	3.26422	15.5892	3.49751								
13.4255	2.99639	13.5174	2.9963	15.0244	3.35697											14.6033	3.26396	15.6291	3.49572								
13.4665	2.99639	13.5584	2.9963	15.0663	3.35607											14.6468	3.2637	15.6689	3.49394								
13.5075	2.99639	13.5994	2.9963	15.1082	3.35517											14.6902	3.26344	15.7088	3.49219								
13.5485	2.99638	13.6404	2.9963	15.1501	3.35428											14.7337	3.26318	15.7488	3.49045								
13.5895	2.99638	13.6814	2.9963	15.192	3.3534											14.7773	3.26293	15.7887	3.48872								
13.6305	2.99638	13.7224	2.99631	15.2339	3.35253											14.8208	3.26268	15.8287	3.48701								
13.6715	2.99638	13.7634	2.99631	15.2759	3.35167											14.8643	3.26243	15.8687	3.48532								
13.7125	2.99638	13.8044	2.99631	15.3178	3.35082											14.9078	3.26219	15.9088	3.48365								
13.7535	2.99638	13.8454	2.99631	15.3598	3.34997											14.9513	3.26195	15.9488	3.48199								
13.7945	2.99638	13.8864	2.99631	15.4018	3.34914											14.9949	3.26171	15.9889	3.48034								
13.8355	2.99638	13.9274	2.99631	15.4438	3.34831											15.0384	3.26147	16.029	3.47871								
13.8765	2.99638	13.9684	2.99631	15.4858	3.34749											15.0819	3.26124	16.0692	3.4771								
13.9175	2.99637	14.0094	2.99631	15.5278	3.34668											15.1255	3.26101	16.1093	3.4755								
13.9584	2.99637	14.0504	2.99631	15.5699	3.34587											15.169	3.26078	16.1495	3.47391								
13.9994	2.99637	14.0914	2.99631	15.612	3.34508											15.2126	3.26055	16.1897	3.47234								
14.0404	2.99637	14.1324	2.99632	15.654	3.34429											15.2562	3.26033										
14.0814	2.99637	14.1734	2.99632	15.6961	3.34351											15.2997	3.26011										
14.1224	2.99637	14.2144	2.99632	15.7383	3.34274											15.3433	3.25989										
14.1634	2.99637	14.2554	2.99632	15.7804	3.34197											15.3869	3.25967										
14.2044	2.99637	14.2964	2.99632	15.8225	3.34121											15.4305	3.25946										
14.2454	2.99637	14.3374	2.99632	15.8647	3.34046											15.4741	3.25924										
14.2864	2.99637	14.3784	2.99632	15.9068	3.33972											15.5177	3.25903										
14.3274	2.99637	14.4194	2.99632	15.949	3.33899											15.5613	3.25883										
14.3684	2.99636	14.4604	2.99632	15.9912	3.33826											15.6049	3.25862										
14.4094	2.99636	14.5014	2.99632	16.0334	3.33754											15.6485	3.25842										
14.4504	2.99636	14.5424	2.99632	16.0757	3.33682											15.6921	3.25822										
14.4914	2.99636	14.5834	2.99632	16.1179	3.33611											15.7357	3.25802										
14.5324	2.99636	14.6244	2.99632	16.1601	3.33541											15.7793	3.25782										
14.5734	2.99636	14.6654	2.99632													15.823	3.25763										
14.6144	2.99636	14.7064	2.99632													15.8666	3.25743										
14.6554	2.99636	14.7474	2.99633													15.9102	3.25724										
14.6963	2.99636	14.7884	2.99633													15.9539	3.25705										
14.7373	2.99636	14.8294	2.99633													15.9975	3.25687										
14.7783	2.99636	14.8704	2.99633													16.0412	3.25668										
14.8193	2.99636	14.9114	2.99633													16.0848	3.2565										
14.8603	2.99636	14.9524	2.99633													16.1285	3.25632										
14.9013	2.99636	14.9934	2.99633													16.1722	3.25614										
14.9423	2.99636	15.0344	2.99633																								
14.9833	2.99636	15.0754	2.99633																								
15.0243	2.99636	15.1164	2.99633																								
15.0653	2.99636	15.1574	2.99633																								
15.1063	2.99635	15.1984	2.99633																								
15.1473	2.99635	15.2394	2.99633																								
15.1883	2.99635	15.2804	2.99633																								
15.2293	2.99635	15.3214	2.99633																								
15.2703	2.99635	15.3624	2.99633																								
15.3113	2.99635	15.4034	2.99633																								
15.3523	2.99635	15.4444	2.99633																								
15.3933	2.99635	15.4854	2.99633																								
15.4343	2.99635	15.5264	2.99633																								
15.4753	2.99635	15.5674	2.99633																								
15.5163	2.99635	15.6084	2.99633																								
15.5573	2.99635	15.6494	2.99633																								
15.5983	2.99635	15.6904	2.99633																								
15.6392	2.99635	15.7314	2.99633																								
15.6802	2.99635	15.7724	2.99633																								
15.7212	2.99635	15.8134	2.99633																								
15.7622	2.99635	15.8544	2.99634																								
15.8032	2.99635	15.8954	2.99634																								
15.8442	2.99635	15.9364	2.99634																								
15.8852	2.99635	15.9774	2.99634																								
15.9262	2.99635	16.0184	2.99634																								
15.9672	2.99635	16.0594	2.99634																								
16.0082	2.99635	16.1004	2.99634																								
16.0492	2.99635	16.1414	2.99634																								
16.0902	2.99635	16.1824	2.99634																								
16.1312	2.99635																										
16.1722	2.99635																										
